SIMPLE  = T
BITPIX  = -64
NAXIS   = 2
NAXIS1  = 1024
NAXIS2  = 1024
CTYPE1  = 'RA---TAN'
CTYPE2  = 'DEC--TAN'
EQUINOX = 2000
CRVAL1  =   84.858024415
CRVAL2  =   35.683802876
CDELT1  =   -0.000084570
CDELT2  =    0.000084570
CRPIX1  =       514.0000
CRPIX2  =       514.0000
CROTA2  =    0
END
